2.64355983e+01  2.64491455e+01  2.64626752e+01  2.64761872e+01
  2.64896812e+01  2.65031570e+01  2.65166144e+01  2.65300531e+01
  2.65434730e+01  2.65568739e+01  2.65702554e+01  2.65836174e+01
  2.65969597e+01  2.66102820e+01  2.66235841e+01  2.66368657e+01
  2.66501265e+01  2.66633665e+01  2.66765852e+01  2.66897826e+01
  2.67029582e+01  2.67161118e+01  2.67292433e+01  2.67423523e+01
  2.67554386e+01  2.67685019e+01  2.67815419e+01  2.67945585e+01
  2.68075512e+01  2.68205199e+01  2.68334642e+01  2.68463839e+01
  2.68592787e+01  2.68721483e+01  2.68849924e+01  2.68978108e+01
  2.69106031e+01  2.69233691e+01  2.69361084e+01  2.69488208e+01
  2.69615060e+01  2.69741636e+01  2.69867933e+01  2.69993949e+01
  2.70119680e+01  2.70245124e+01  2.70370276e+01  2.70495134e+01
  2.70619695e+01  2.70743956e+01  2.70867912e+01  2.70991562e+01
  2.71114901e+01  2.71237926e+01  2.71360635e+01  2.71483024e+01
  2.71605089e+01  2.71726827e+01  2.71848234e+01  2.71969308e+01
  2.72090045e+01  2.72210442e+01  2.72330495e+01  2.72450200e+01
  2.72569554e+01  2.72688555e+01  2.72807197e+01  2.72925479e+01
  2.73043396e+01  2.73160945e+01  2.73278122e+01  2.73394925e+01
  2.73511348e+01  2.73627390e+01  2.73743047e+01  2.73858315e+01
  2.73973190e+01  2.74087670e+01  2.74201750e+01  2.74315428e+01
  2.74428700e+01  2.74541563e+01  2.74654013e+01  2.74766047e+01
  2.74877662e+01  2.74988854e+01  2.75099620e+01  2.75209957e+01
  2.75319861e+01  2.75429330e+01  2.75538361e+01  2.75646950e+01
  2.75755094e+01  2.75862791e+01  2.75970037e+01  2.76076830e+01
  2.76183166e+01  2.76289043e+01  2.76394459e+01  2.76499410e+01
  2.76603894e+01  2.76707909e+01  2.76811452e+01  2.76914521e+01
  2.77017114e+01  2.77119228e+01  2.77220861e+01  2.77322012e+01
  2.77422678e+01  2.77522858e+01  2.77622551e+01  2.77721753e+01
  2.77820466e+01  2.77918685e+01  2.78016412e+01  2.78113644e+01
  2.78210381e+01  2.78306621e+01  2.78402364e+01  2.78497611e+01
  2.78592359e+01  2.78686609e+01  2.78780361e+01  2.78873615e+01
  2.78966371e+01  2.79058630e+01  2.79150392e+01  2.79241657e+01
  2.79332427e+01  2.79422703e+01  2.79512486e+01  2.79601777e+01
  2.79690578e+01  2.79778890e+01  2.79866716e+01  2.79954059e+01
  2.80040919e+01  2.80127299e+01  2.80213203e+01  2.80298634e+01
  2.80383593e+01  2.80468085e+01  2.80552113e+01  2.80635681e+01
  2.80718793e+01  2.80801451e+01  2.80883662e+01  2.80965429e+01
  2.81046757e+01  2.81127650e+01  2.81208114e+01  2.81288154e+01
  2.81367774e+01  2.81446981e+01  2.81525780e+01  2.81604177e+01
  2.81682178e+01  2.81759788e+01  2.81837015e+01  2.81913864e+01
  2.81990343e+01  2.82066457e+01  2.82142213e+01  2.82217619e+01
  2.82292681e+01  2.82367407e+01  2.82441803e+01  2.82515876e+01
  2.82589635e+01  2.82663086e+01  2.82736238e+01  2.82809096e+01
  2.82881669e+01  2.82953965e+01  2.83025991e+01  2.83097754e+01
  2.83169262e+01  2.83240523e+01  2.83311544e+01  2.83382333e+01
  2.83452896e+01  2.83523242e+01  2.83593378e+01  2.83663311e+01
  2.83733049e+01  2.83802597e+01  2.83871965e+01  2.83941157e+01
  2.84010182e+01  2.84079046e+01  2.84147755e+01  2.84216317e+01
  2.84284736e+01  2.84353021e+01  2.84421175e+01  2.84489207e+01
  2.84557120e+01  2.84624922e+01  2.84692616e+01  2.84760210e+01
  2.84827706e+01  2.84895112e+01  2.84962431e+01  2.85029667e+01
  2.85096827e+01  2.85163913e+01  2.85230929e+01  2.85297881e+01
  2.85364771e+01  2.85431602e+01  2.85498380e+01  2.85565106e+01
  2.85631784e+01  2.85698417e+01  2.85765008e+01  2.85831558e+01
  2.85898072e+01  2.85964551e+01  2.86030997e+01  2.86097413e+01
  2.86163800e+01  2.86230160e+01  2.86296496e+01  2.86362808e+01
  2.86429099e+01  2.86495369e+01  2.86561620e+01  2.86627853e+01
  2.86694069e+01  2.86760269e+01  2.86826455e+01  2.86892626e+01
  2.86958784e+01  2.87024930e+01  2.87091065e+01  2.87157187e+01
  2.87223300e+01  2.87289402e+01  2.87355494e+01  2.87421578e+01
  2.87487652e+01  2.87553718e+01  2.87619775e+01  2.87685824e+01
  2.87751865e+01  2.87817899e+01  2.87883925e+01  2.87949944e+01
  2.88015956e+01  2.88081960e+01  2.88147958e+01  2.88213948e+01
  2.88279932e+01  2.88345908e+01  2.88411878e+01  2.88477841e+01
  2.88543797e+01  2.88609746e+01  2.88675688e+01  2.88741624e+01
  2.88807552e+01  2.88873474e+01  2.88939389e+01  2.89005297e+01
  2.89071197e+01  2.89137091e+01  2.89202978e+01  2.89268857e+01
  2.89334729e+01  2.89400594e+01  2.89466452e+01  2.89532302e+01
  2.89598145e+01  2.89663980e+01  2.89729807e+01  2.89795627e+01
  2.89861440e+01  2.89927244e+01  2.89993041e+01  2.90058830e+01
  2.90124610e+01  2.90190383e+01  2.90256148e+01  2.90321904e+01
  2.90387652e+01  2.90453392e+01  2.90519123e+01  2.90584846e+01
  2.90650560e+01  2.90716266e+01  2.90781963e+01  2.90847651e+01
  2.90913330e+01  2.90979000e+01  2.91044661e+01  2.91110312e+01
  2.91175955e+01  2.91241588e+01  2.91307212e+01  2.91372826e+01
  2.91438431e+01  2.91504026e+01  2.91569612e+01  2.91635187e+01
  2.91700752e+01  2.91766308e+01  2.91831853e+01  2.91897388e+01
  2.91962913e+01  2.92028427e+01  2.92093930e+01  2.92159423e+01
  2.92224906e+01  2.92290377e+01  2.92355837e+01  2.92421287e+01
  2.92486725e+01  2.92552152e+01  2.92617568e+01  2.92682972e+01
  2.92748364e+01  2.92813745e+01  2.92879114e+01  2.92944471e+01
  2.93009816e+01  2.93075149e+01  2.93140469e+01  2.93205778e+01
  2.93271073e+01  2.93336356e+01  2.93401626e+01  2.93466884e+01
  2.93532128e+01  2.93597359e+01  2.93662577e+01  2.93727781e+01
  2.93792972e+01  2.93858149e+01  2.93923313e+01  2.93988462e+01
  2.94053597e+01  2.94118718e+01  2.94183825e+01  2.94248917e+01
  2.94313995e+01  2.94379058e+01  2.94444105e+01  2.94509138e+01
  2.94574155e+01  2.94639157e+01  2.94704144e+01  2.94769115e+01
  2.94834069e+01  2.94899008e+01  2.94963931e+01  2.95028837e+01
  2.95093727e+01  2.95158600e+01  2.95223456e+01  2.95288295e+01
  2.95353116e+01  2.95417921e+01  2.95482708e+01  2.95547477e+01
  2.95612228e+01  2.95676961e+01  2.95741675e+01  2.95806371e+01
  2.95871049e+01  2.95935707e+01  2.96000346e+01  2.96064966e+01
  2.96129567e+01  2.96194148e+01  2.96258709e+01  2.96323250e+01
  2.96387770e+01  2.96452270e+01  2.96516749e+01  2.96581207e+01
  2.96645644e+01  2.96710060e+01  2.96774454e+01  2.96838826e+01
  2.96903176e+01  2.96967503e+01  2.97031808e+01  2.97096090e+01
  2.97160349e+01  2.97224584e+01  2.97288796e+01  2.97352984e+01
  2.97417148e+01  2.97481288e+01  2.97545402e+01  2.97609492e+01
  2.97673557e+01  2.97737597e+01  2.97801610e+01  2.97865598e+01
  2.97929559e+01  2.97993493e+01  2.98057401e+01  2.98121282e+01
  2.98185135e+01  2.98248960e+01  2.98312757e+01  2.98376525e+01
  2.98440265e+01  2.98503976e+01  2.98567657e+01  2.98631309e+01
  2.98694930e+01  2.98758522e+01  2.98822082e+01  2.98885611e+01
  2.98949109e+01  2.99012575e+01  2.99076009e+01  2.99139410e+01
  2.99202778e+01  2.99266113e+01  2.99329414e+01  2.99392681e+01
  2.99455914e+01  2.99519112e+01  2.99582274e+01  2.99645401e+01
  2.99708492e+01  2.99771546e+01  2.99834564e+01  2.99897543e+01
  2.99960485e+01  3.00023389e+01  3.00086254e+01  3.00149080e+01
  3.00211866e+01  3.00274612e+01  3.00337318e+01  3.00399982e+01
  3.00462605e+01  3.00525185e+01  3.00587724e+01  3.00650219e+01
  3.00712670e+01  3.00775077e+01  3.00837440e+01  3.00899757e+01
  3.00962029e+01  3.01024254e+01  3.01086433e+01  3.01148564e+01
  3.01210647e+01  3.01272681e+01  3.01334666e+01  3.01396601e+01
  3.01458486e+01  3.01520320e+01  3.01582102e+01  3.01643832e+01
  3.01705509e+01  3.01767132e+01  3.01828700e+01  3.01890214e+01
  3.01951672e+01  3.02013074e+01  3.02074418e+01  3.02135705e+01
  3.02196933e+01  3.02258102e+01  3.02319210e+01  3.02380258e+01
  3.02441245e+01  3.02502169e+01  3.02563029e+01  3.02623826e+01
  3.02684558e+01  3.02745224e+01  3.02805824e+01  3.02866356e+01
  3.02926821e+01  3.02987216e+01  3.03047541e+01  3.03107795e+01
  3.03167977e+01  3.03228086e+01  3.03288122e+01  3.03348083e+01
  3.03407968e+01  3.03467777e+01  3.03527507e+01  3.03587159e+01
  3.03646731e+01  3.03706223e+01  3.03765632e+01  3.03824958e+01
  3.03884201e+01  3.03943357e+01  3.04002428e+01  3.04061411e+01
  3.04120305e+01  3.04179109e+01  3.04237822e+01  3.04296442e+01
  3.04354969e+01  3.04413401e+01  3.04471736e+01  3.04529974e+01
  3.04588113e+01  3.04646152e+01  3.04704089e+01  3.04761923e+01
  3.04819652e+01  3.04877276e+01  3.04934792e+01  3.04992199e+01
  3.05049496e+01  3.05106680e+01  3.05163752e+01  3.05220708e+01
  3.05277547e+01  3.05334268e+01  3.05390869e+01  3.05447348e+01
  3.05503704e+01  3.05559935e+01  3.05616038e+01  3.05672013e+01
  3.05727857e+01  3.05783569e+01  3.05839146e+01  3.05894587e+01
  3.05949890e+01  3.06005052e+01  3.06060073e+01  3.06114948e+01
  3.06169678e+01  3.06224259e+01  3.06278689e+01  3.06332966e+01
  3.06387088e+01  3.06441053e+01  3.06494858e+01  3.06548501e+01
  3.06601979e+01  3.06655291e+01  3.06708434e+01  3.06761404e+01
  3.06814201e+01  3.06866820e+01  3.06919260e+01  3.06971518e+01
  3.07023591e+01  3.07075476e+01  3.07127171e+01  3.07178673e+01
  3.07229978e+01  3.07281084e+01  3.07331989e+01  3.07382687e+01
  3.07433178e+01  3.07483457e+01  3.07533522e+01  3.07583369e+01
  3.07632994e+01  3.07682395e+01  3.07731569e+01  3.07780510e+01
  3.07829217e+01  3.07877685e+01  3.07925911e+01  3.07973891e+01
  3.08021622e+01  3.08069099e+01  3.08116318e+01  3.08163276e+01
  3.08209968e+01  3.08256391e+01  3.08302540e+01  3.08348411e+01
  3.08394000e+01  3.08439302e+01  3.08484313e+01  3.08529028e+01
  3.08573443e+01  3.08617552e+01  3.08661352e+01  3.08704837e+01
  3.08748002e+01  3.08790843e+01  3.08833354e+01  3.08875530e+01
  3.08917365e+01  3.08958855e+01  3.08999994e+01  3.09040775e+01
  3.09081195e+01  3.09121246e+01  3.09160923e+01  3.09200221e+01
  3.09239132e+01  3.09277651e+01  3.09315771e+01  3.09353487e+01
  3.09390791e+01  3.09427677e+01  3.09464139e+01  3.09500169e+01
  3.09535761e+01  3.09570907e+01  3.09605601e+01  3.09639834e+01
  3.09673601e+01  3.09706892e+01  3.09739701e+01  3.09772020e+01
  3.09803840e+01  3.09835153e+01  3.09865952e+01  3.09896229e+01
  3.09925973e+01  3.09955178e+01  3.09983834e+01  3.10011932e+01
  3.10039463e+01  3.10066418e+01  3.10092788e+01  3.10118562e+01
  3.10143732e+01  3.10168287e+01  3.10192218e+01  3.10215514e+01
  3.10238165e+01  3.10260160e+01  3.10281489e+01  3.10302140e+01
  3.10322103e+01  3.10341367e+01  3.10359920e+01  3.10377750e+01
  3.10394845e+01  3.10411194e+01  3.10426785e+01  3.10441605e+01
  3.10455641e+01  3.10468880e+01  3.10481310e+01  3.10492918e+01
  3.10503689e+01  3.10513611e+01  3.10522670e+01  3.10530851e+01
  3.10538140e+01  3.10544522e+01  3.10549984e+01  3.10554509e+01
  3.10558083e+01  3.10560691e+01  3.10562316e+01  3.10562942e+01
  3.10562554e+01  3.10561136e+01  3.10558669e+01  3.10555138e+01
  3.10550525e+01  3.10544813e+01  3.10537985e+01  3.10530021e+01
  3.10520905e+01  3.10510617e+01  3.10499138e+01  3.10486451e+01
  3.10472535e+01  3.10457371e+01  3.10440938e+01  3.10423218e+01
  3.10404188e+01  3.10383830e+01  3.10362121e+01  3.10339040e+01
  3.10314566e+01  3.10288676e+01  3.10261349e+01  3.10232563e+01
  3.10202293e+01  3.10170517e+01  3.10137212e+01  3.10102354e+01
  3.10065918e+01  3.10027881e+01  3.09988218e+01  3.09946903e+01
  3.09903912e+01  3.09859218e+01  3.09812796e+01  3.09764619e+01
  3.09714660e+01  3.09662893e+01  3.09609291e+01  3.09553825e+01
  3.09496467e+01  3.09437190e+01  3.09375964e+01  3.09312760e+01
  3.09247550e+01  3.09180303e+01  3.09110988e+01  3.09039577e+01
  3.08966037e+01  3.08890338e+01  3.08812448e+01  3.08732335e+01
  3.08649968e+01  3.08565312e+01  3.08478336e+01  3.08389006e+01
  3.08297288e+01  3.08203148e+01  3.08106551e+01  3.08007463e+01
  3.07905849e+01  3.07801672e+01  3.07694896e+01  3.07585486e+01
  3.07473405e+01  3.07358614e+01  3.07241077e+01  3.07120755e+01
  3.06997610e+01  3.06871604e+01  3.06742696e+01  3.06610848e+01
  3.06476018e+01  3.06338167e+01  3.06197254e+01  3.06053237e+01
  3.05906074e+01  3.05755723e+01  3.05602142e+01  3.05445287e+01
  3.05285115e+01  3.05121581e+01  3.04954642e+01  3.04784251e+01
  3.04610365e+01  3.04432935e+01  3.04251918e+01  3.04067264e+01
  3.03878928e+01  3.03686861e+01  3.03491015e+01  3.03291340e+01
  3.03087788e+01  3.02880309e+01  3.02668856e+01  3.02453367e+01
  3.02233798e+01  3.02010097e+01  3.01782210e+01  3.01550085e+01
  3.01313669e+01  3.01072906e+01  3.00827742e+01  3.00578122e+01
  3.00323989e+01  3.00065287e+01  2.99801958e+01  2.99533946e+01
  2.99261190e+01  2.98983633e+01  2.98701214e+01  2.98413872e+01
  2.98121548e+01  2.97824218e+01  2.97521742e+01  2.97214056e+01
  2.96901175e+01  2.96582995e+01  2.96259452e+01  2.95930479e+01
  2.95596010e+01  2.95255977e+01  2.94910313e+01  2.94558948e+01
  2.94201813e+01  2.93838837e+01  2.93469950e+01  2.93095079e+01
  2.92714152e+01  2.92327095e+01  2.91933833e+01  2.91534292e+01
  2.91128396e+01  2.90716067e+01  2.90297228e+01  2.89871801e+01
  2.89439705e+01  2.89000860e+01  2.88555185e+01  2.88102598e+01
  2.87642200e+01  2.87176355e+01  2.86702529e+01  2.86221452e+01
  2.85733039e+01